306822
306823
306824
306825
306826
306827
306828
306829
306830
306831
306832
306833
306834
306835
306836
306837
306838
306839
306840
306841
306842
306843
306844
306847
306850
306851
306852
306853
306856
306857
306858
306859
306860
306861
306862
306863
306864
306865
306866
306867
306868
306869
306870
306871
306872
306873
306874
306875
306883
306884
306885
306886
306887
306888
306889
306890
306891
306892
306893
306894
306895
306896
306897
306898
306899
306900
306901
306917
306918
306919
306920
306921
306922
306923
306925
306926
306927
306928
306929
306931
306932
306933
306934
306935
306936
306937
306938
306939
306940
306941
306942
306943
306944
306945
306946
306947
306992
306993
306994
306995
306996
306997
306998
306999
307000
307001
307002
307003
307004
307006
307007
307008
307009
307010
307011
307012
307043
307044
307049
307052
307053
307054
307056
307057
307058
307059
307060
307061
307062
307063
307064
307065
307067
307069
307097
307108
307112
307113
307114
307116
307117
307121
307122
307123
307124
307125
307126
307127
307128
307129
307130
307131
307132
307133
307136
307139
307140
307141
307142
307143
307144
307145
307146
307147
307148
307149
307150
307151
307152
307154
307155
307156
307157
307158
307159
307160
307161
307162
307163
307164
307165
307166
307167
307168
307171
307172
307173
307174
307175
307176
307177
307178
307179
307180
307182
307183
307184
307185
307186
307187
307188
307285
307286
307287
307288
307289
307290
307291
307292
307293
307295
307296
307297
307298
307299
307300
307301
307302
307303
307304
307305
307308
307309
307310
307311
307312
307313
307314
307315
307317
307318
307319
307320
307321
307322
307323
307324
307325
307326
307327
307328
307329
307330
307331
307332
307333
307334
307335
307336
307337
307338
307339
307341
307342
307345
307346
307347
307348
307349
307350
307351
307352
307353
307354
307427
307428
307429
307431
307432
307433
307434
307435
307436
307437
307438
307439
307441
307442
307443
307444
307445
307446
307447
307448
307449
307451
307453
307454
307455
307456
307457
307459
307461
307462
307463
307465
307466
307467
307468
307469
307471
307473
307474
307475
307476
307477
307478
307479
307480
307481
307482
307483
307493
307494
307496
307498
307499
307500
307501
307502
307503
307504
307507
307508
307509
307510
307511
307512
307513
307514
307516
307517
307518
307519
307521
307522
307530
307532
307533
307534
307564
307565
307566
307567
307568
307569
307570
307571
307572
307573
307574
307575
307576
307577
307578
307579
307580
307581
307582
307583
307584
307585
307586
307587
307588
307589
307590
307591
307604
307605
307606
307607
307608
307609
307610
307611
307612
307613
307614
307615
307616
307617
307618
307619
307620
307621
307622
307623
307627
307628
307629
307630
307631
307633
307635
307636
307637
307638
307639
307640
307641
307642
307645
307646
307647
307648
307651
307748
307750
307751
307752
307753
307754
307755
307756
307757
307758
307759
307760
307762
307763
307764
307765
307766
307767
307768
307769
307770
307771
307772
307773
307774
307776
307777
307778
307780
307781
307782
307783
307914
307915
307916
307917
307918
307920
307921
307922
307923
307924
307925
307927
307928
307929
307930
307931
307933
307935
307936
307937
307947
307948
307949
307950
307952
307953
307954
307955
307956
307958
307960
307961
307962
307963
307964
307965
307967
307968
307969
307970
307971
307972
307973
307974
307975
307979
307980
307982
307984
307985
307986
307987
307988
307989
307990
307991
307992
307993
307994
307995
307996
307997
307998
308001
308002
308003
308004
308009
308012
308013
308014
308015
308016
308018
308019
308020
308021
308022
308023
308025
308026
308028
308030
308031
308033
308034
308035
308036
308037
308038
308039
308040
308042
308043
308045
308048
308049
308051
308052
308053
308054
308055
308056
308057
308058
308059
308061
308063
308064
308065
308066
308069
308070
308085
308086
308087
308088
308089
308092
308093
308094
308095
308096
308097
308098
308099
308100
308101
308103
308104
308111
308112
308113
308114
308116
308117
308118
308121
308122
308123
308124
308127
308128
308129
308130
308131
308133
308134
