300005
300015
300025
300036
300046
300057
300068
300078
300088
300098
300108
300118
300129
300149
300160
300458
300469
300479
300489
300500
300733
300743
300773
300783
300823
300834
300854
300864
300874
300885
300900
300911
300951
301001
301011
301026
301127
301137
301238
301248
301258
301268
301418
301428
301438
301478
301578
301588
301598
301608
301618
301628
301638
301762
301783
301794
301805
301815
301887
301897
301907
301916
302026
302036
302046
302056
302066
303076
303086
304086
304116
304133
304143
304160
304170
304190
304200
305200
305215
305216
305226
305236
305237
305387
305397
305407
305422
305432
305442
305452
305462
305472
305481
305496
305506
305516
305540
307240
307340
307410
307420
307430
307440
307450
307460
307470
307485
307495
307505
307515
307624
307634
307649
307749
307779
307789
307889
307890
307951
307981
308011
308041
308044
308047
308050
308060
308090
308102
308105
308115
308125
308126
308136
308146
308156
308166
308176
308186
308276
308277
308287
308297
308307
308317
308318
308338
308348
308368
308376
308386
308396
308406
308476
308477
308478
308479
308499
308509
308511
308513
308523
308543
308553
308568
308578
308696
308721
308723
308740
308741
308941
308951
309066
309076
308976
308966
308956
308946
308936
308926
308826
308816
308806
308796
308776
306476
306466
306475
306445
306426
306428
306398
306378
306358
306356
306336
306316
307316
307306
300010
300022
300033
300045
300056
300070
300081
300092
300104
300117
300128
300148
300159
300415
300427
300441
300454
300468
300483
300504
300742
300779
300822
300833
300849
300861
300872
300884
300899
300910
300926
300948
300995
301006
301017
301028
301041
301052
301066
301077