303038
303039
303049
303050
303051
303052
303060
303070
303071
303072
303073
303074
303075
303076
303078
303079
303080
303081
303082
303083
303084
303085
303086
303087
303088
303089
303090
303091
303092
303093
303094
303095
303096
303097
303098
303099
303100
303101
303102
303103
303104
303105
303106
303107
303108
303109
303110
303111
303112
303113
303114
303115
303116
303117
303118
303119
303120
303121
303122
303125
303126
303127
303128
303130
303131
303132
303133
303134
303135
303136
303137
303138
303139
303140
303141
303142
303143
303144
303147
303152
303153
303155
303156
303157
303161
303162
303163
303164
303167
303168
303169
303170
303171
303172
303173
303174
303175
303176
303177
303183