300007
300023
300157
300436
300450
300487
300500
300817
300823
300854
300901
300944
300947
301011
301074
301131
301144
301232
301304
301351
301365
301418
301423
301475
301480
301494
301495
301504
301627
301649
301653
301675
301721
301765
301783
301973
302003
302005
302055
303039
303090
303109
303169
303443
303459
303466
303858
303878
303890
303991
304022
304091
304095
304120
304159
304171
304191
304199
304867
304896
304913
304914
305087
305366
305386
305421
305495
305581
305600
305708
305953
306362
306424
306425
306427
306522
306536
306670
306778
306975
306984
307005
307055
307068
307115
307153
307368
307409
307458
307464
307497
307550
307625
307626
307632
307650
307845
307848
307926
307932
307976
308001
308010
308017
308024
308027
308029
308032
308091
308135
308160
308243
308519
308722
308802
308825
308852
308937
308944
309024
309042
309233
309268