300834
301824
303730
303800
306399
306680
306709
306724
306751
306754
306756
306757
306762
306763
306766
306772
306775
306776
306781
306787
306790
306793
306794
306797
306811
306812
306815
306817
306822
306826
306829
306936
306972
306984
306990
306993
306994
307000
307006
307010
307055
307056
307058
307059
307060
307061
307063
307112
307115
307117
307127
307128
307130
307408
307409
307410
307413
307414
307419
307421
307423
307426
307428
307432
307438
307439
307441
307444
307445
307448
307449
307451
307455
307457
307460
307462
307464
307476
307477
307478
307485
307496
307499
307502
307510
307512
307549
307763
307897
307910
308150
308305
308311
308313
308336
308354
308382
308391
308392
308395
308401
308402
308404
308408
308409
308466
308468
308470
308472
308473
308476
308482
308497
308499
308509
308511
308512
308514
308516
308520
308522
309277