300000
300001
300002
300003
300004
300005
300006
300007
300008
300009
300010
300011
300012
300013
300014
300015
300016
300017
300018
300019
300020
300021
300022
300023
300024
300025
300026
300027
300028
300029
300030
300031
300032
300033
300034
300036
300037
300038
300039
300040
300041
300042
300043
300044
300045
300046
300047
300048
300049
300050
300051
300052
300053
300054
300055
300056
300057
300058
300059
300060
300061
300062
300063
300065
300067
300068
300069
300070
300071
300072
300073
300074
300075
300076
300077
300078
300079
300080
300081
300082
300083
300084
300085
300086
300087
300088
300089
300090
300091
300092
300093
300094
300095
300096
300097
300098
300099
300100
300101
300102
300103
300104
300105
300106
300107
300108
300109
300110
300111
300112
300113
300115
300116
300117
300118
300119
300120
300121
300122
300123
300124
300125
300126
300127
300128
300129
300130
300131
300132
300133
300143
300144
300145
300146
300147
300148
300149
300150
300151
300152
300153
300154
300155
300156
300157
300158
300159
300160
300161
300162
300401
300406
300407
300408
300409
300413
300414
300415
300416
300417
300418
300419
300420
300421
300422
300423
300424
300425
300427
300428
300429
300433
300434
300435
300436
300437
300438
300439
300440
300441
300442
300443
300444
300445
300446
300447
300448
300449
300450
300452
300453
300454
300455
300456
300457
300458
300459
300462
300463
300464
300465
300466
300468
300469
300470
300473
300474
300475
300476
300477
300478
300479
300480
300481
300482
300483
300484
300485
300486
300487
300488
300489
300490
300491
300499
300500
300503
300504
300505
300506
300507
300730
300732
300733
300734
300735
300736
300737
300738
300739
300740
300741
300742
300743
300744
300767
300768
300770
300772
300773
300775
300776
300777
300778
300779
300780
300781
300782
300783
300804
300809
300814
300815
300817
300819
300822
300823
300824
300825
300826
300827
300828
300829
300830
300831
300832
300833
300834
300835
300836
300837
300839
300840
300841
300843
300844
300845
300846
300847
300849
300850
300851
300852
300853
300854
300856
300857
300858
300859
300860
300861
300862
300863
300864
300865
300866
300867
300868
300869
300870
300871
300872
300873
300874
300875
300876
300877
300878
300879
300880
300881
300882
300883
300884
300885
300886
300887
300888
300889
300890
300891
300892
300894
300897
300899
300900
300901
300902
300903
300904
300905
300906
300907
300908
300909
300910
300911
300912
300913
300914
300916
300917
300918
300920
300922
300925
300926
300929
300932
300933
300934
300935
300936
300943
300944
300945
300946
300947
300948
300949
300950
300951
300952
300953
300954
300989
300990
300991
300993
300994
300995
300996
300997
300998
300999
301000
301001
301002
301003
301004
301005
301006
301007
301008
301009
301010
301011
301012
301013
301014
301015
301016
301017
301018
301019
301020
301021
301022
301023
301024
301025
301026
301027
301028
301029
301030
301032
301033
301034
301035
301036
301037
301038
301039
301040
301041
301042
301043
301044
301045
301046
301047
301048
301049
301050
301051
301052
301053
301054
301055
301056
301057
301058
301059
301060
301061
301062
301066
301067
301068
301069
301070
301071
301072
301073
301074
301075
301076
301077
301078
301079
301080
301081
301082
301083
301084
301085
301086
301087
301088
301089
301090
301091
301092
301093
301094
301095
301096
301097
301098
301099
301100
301101
301102
301103
301104
301108
301109
301110
301111
301112
301113
301114
301115
301116
301117
301118
301119
301120
301121
301122
301123
301124
301125
301126
301127
301128
301129
301130
301131
301132
301133
301134
301135
301137
301138
301139
301140
301143
301144
301145
301148
301178
301188
301189
301190
301191
301192
301193
301194
301195
301204
301205
301206
301207
301208
301209
301210
301211
301212
301213
301214
301215
301216
301217
301218
301219
301220
301221
301222
301223
301225
301226
301227
301228
301229
301230
301231
301232
301233
301234
301235
301236
301237
301238
301239
301240
301241
301242
301246
301247
301248
301249
301250
301251
301252
301253
301254
301255
301256
301257
301258
301259
301260
301261
301262
301263
301264
301265
301266
301267
301268
301269
301270
301271
301272
301273
301274
301275
301276
301277
301279
301280
301281
301282
301285
301286
301288
301290
301299
301300
301301
301302
301303
301304
301305
301306
301307
301308
301309
301310
301311
301312
301313
301314
301315
301316
301317
301318
301319
301320
301321
301322
301323
301324
301327
301328
301329
301330
301331
301332
301333
301334
301335
301337
301338
301339
301340
301341
301342
301343
301344
301345
301346
301347
301348
301350
301351
301352
301353
301354
301355
301356
301357
301358
301359
301360
301361
301362
301363
301364
301365
301366
301367
301375
301377
301378
301379
301380
301381
301382
301383
301384
301385
301386
301387
301388
301389
301390
301391
301392
301393
301394
301395
301396
301397
301398
301399
301400
301403
301404
301405
301406
301407
301408
301409
301410
301411
301412
301413
301414
301415
301416
301417
301418
301419
301420
301421
301422
301423
301424
301425
301426
301427
301428
301429
301430
301431
301432
301433
301434
301435
301436
301437
301438
301439
301440
301441
301442
301443
301444
301475
301476
301477
301478
301479
301480
301481
301482
301483
301484
301485
301486
301487
301488
301489
301490
301491
301492
301493
301494
301495
301496
301497
301498
301499
301500
301501
301502
301503
301504
301505
301506
301507
301509
301510
301511
301512
301514
301515
301516
301517
301518
301519
301520
301522
301524
301525
301526
301527
301528
301529
301530
301555
301559
301560
301561
301575
301576
301577
301578
301579
301580
301581
301582
301584
301585
301586
301587
301588
301589
301590
301591
301592
301594
301595
301597
301598
301599
301600
301601
301602
301603
301604
301605
301606
301607
301608
301609
301610
301611
301612
301613
301614
301615
301616
301617
301618
301619
301620
301621
301622
301623
301624
301625
301626
301627
301628
301629
301630
301631
301632
301634
301635
301636
301637
301638
301639
301640
301641
301642
301643
301644
301645
301646
301647
301648
301649
301650
301651
301652
301653
301654
301655
301656
301657
301658
301659
301660
301661
301663
301664
301665
301666
301667
301668
301669
301670
301671
301672
301673
301674
301675
301676
301677
301680
301682
301683
301684
301685
301687
301688
301689
301690
301698
301699
301704
301705
301706
301707
301708
301709
301710
301711
301712
301713
301714
301715
301716
301717
301718
301719
301720
301721
301722
301723
301724
301725
301726
301727
301728
301729
301730
301731
301732
301733
301734
301735
301736
301737
301738
301739
301740
301741
301743
301744
301745
301746
301747
301748
301754
301755
301756
301757
301758
301759
301761
301762
301763
301764
301765
301766
301767
301768
301769
301770
301771
301772
301773
301774
301778
301781
301782
301783
301786
301787
301789
301790
301791
301792
301793
301794
301795
301796
301797
301798
301799
301800
301801
301802
301803
301804
301805
301806
301807
301808
301809
301810
301812
301813
301814
301815
301816
301817
301819
301820
301821
301822
301823
301824
301882
301883
301886
301887
301889
301891
301892
301893
301894
301895
301896
301897
301898
301899
301900
301901
301902
301903
301904
301905
301906
301907
301909
301910
301911
301912
301913
301914
301915
301916
301917
301919
301920
301922
301923
301924
301925
301926
301927
301928
301929
301930
301939
301946
301947
301949
301950
301951
301952
301953
301954
301955
301956
301957
301958
301959
301960
301961
301962
301963
301964
301965
301966
301967
301968
301970
301971
301972
301973
301974
301975
301976
301977
301978
301979
301980
301981
301982
301983
301984
301985
301986
301987
301988
301989
301990
301991
301992
301993
301994
302000
302002
302003
302004
302005
302006
302007
302008
302009
302010
302011
302012
302013
302014
302015
302016
302017
302018
302019
302020
302021
302022
302023
302024
302025
302026
302027
302028
302029
302030
302031
302032
302033
302034
302035
302036
302037
302038
302039
302040
302041
302042
302043
302044
302045
302046
302047
302048
302049
302050
302051
302052
302053
302054
302055
302056
302057
302058
302059
302060
302061
302062
302063
302064
302065
302066
302067
302068
302814
302816
302818
302819
302821
302823
302882
302889
302890
302891
302895
302896
302908
302909
302910
302911
302914
302918
302919
302920
302921
302922
302923
302924
302925
302926
302928
302933
303031
303032
303033
303037
303038
303039
303049
303050
303051
303052
303060
303070
303071
303072
303073
303074
303075
303076
303078
303079
303080
303081
303082
303083
303084
303085
303086
303087
303088
303089
303090
303091
303092
303093
303094
303095
303096
303097
303098
303099
303100
303101
303102
303103
303104
303105
303106
303107
303108
303109
303110
303111
303112
303113
303114
303115
303116
303117
303118
303119
303120
303121
303122
303125
303126
303127
303128
303130
303131
303132
303133
303134
303135
303136
303137
303138
303139
303140
303141
303142
303143
303144
303147
303152
303153
303155
303156
303157
303161
303162
303163
303164
303167
303168
303169
303170
303171
303172
303173
303174
303175
303176
303177
303183
303184
303185
303189
303190
303210
303211
303212
303213
303214
303215
303216
303217
303218
303219
303220
303221
303222
303223
303224
303225
303228
303229
303230
303231
303232
303233
303234
303235
303236
303237
303238
303239
303240
303241
303242
303243
303244
303245
303246
303247
303248
303249
303250
303252
303253
303254
303255
303256
303363
303364
303365
303366
303367
303368
303369
303370
303371
303372
303373
303374
303375
303376
303385
303386
303387
303388
303389
303390
303391
303392
303393
303394
303395
303396
303397
303398
303399
303400
303401
303402
303403
303404
303406
303407
303408
303409
303410
303411
303412
303413
303414
303415
303416
303417
303418
303419
303420
303421
303422
303423
303424
303425
303426
303427
303428
303429
303430
303431
303432
303433
303434
303435
303436
303437
303438
303441
303442
303443
303444
303446
303447
303448
303449
303450
303451
303452
303453
303454
303455
303456
303457
303458
303459
303460
303461
303462
303464
303465
303466
303467
303468
303469
303470
303471
303472
303473
303474
303475
303476
303477
303478
303479
303480
303481
303489
303490
303497
303498
303502
303503
303504
303505
303506
303507
303509
303510
303511
303547
303548
303549
303550
303726
303727
303728
303729
303730
303731
303732
303733
303734
303735
303736
303737
303738
303739
303740
303741
303742
303751
303752
303753
303754
303755
303756
303757
303758
303759
303760
303761
303762
303763
303764
303765
303766
303767
303768
303769
303770
303771
303772
303773
303776
303777
303778
303779
303783
303784
303785
303786
303787
303788
303789
303790
303791
303792
303793
303794
303795
303796
303797
303798
303799
303800
303801
303802
303803
303804
303805
303806
303807
303808
303809
303810
303811
303812
303813
303814
303815
303816
303817
303818
303819
303820
303821
303822
303824
303825
303826
303827
303828
303829
303830
303831
303832
303833
303834
303835
303836
303837
303838
303839
303840
303841
303842
303843
303844
303847
303849
303850
303851
303852
303853
303854
303855
303856
303857
303858
303859
303860
303861
303862
303863
303864
303865
303866
303867
303868
303869
303870
303876
303877
303878
303879
303880
303881
303882
303883
303884
303885
303886
303887
303888
303889
303890
303891
303892
303903
303904
303905
303906
303907
303908
303909
303911
303912
303913
303914
303915
303916
303917
303918
303925
303926
303927
303929
303930
303931
303932
303933
303934
303935
303936
303937
303938
303939
303940
303941
303942
303943
303944
303945
303946
303947
303948
303949
303951
303952
303953
303954
303955
303958
303959
303960
303961
303962
303963
303964
303965
303966
303967
303968
303969
303970
303971
303972
303973
303974
303975
303976
303977
303978
303979
303980
303981
303982
303983
303984
303985
303986
303987
303988
303989
303990
303991
303992
303993
303994
303995
303996
303997
303998
303999
304000
304001
304002
304003
304004
304005
304006
304010
304011
304012
304013
304014
304015
304016
304017
304018
304019
304020
304021
304022
304023
304024
304025
304026
304027
304028
304029
304030
304031
304032
304033
304034
304035
304036
304037
304038
304039
304040
304041
304042
304043
304044
304045
304046
304047
304048
304049
304050
304051
304052
304053
304054
304055
304057
304058
304059
304060
304061
304062
304063
304064
304065
304066
304067
304068
304071
304075
304083
304084
304085
304086
304087
304088
304089
304090
304091
304092
304093
304094
304095
304096
304097
304098
304099
304100
304101
304102
304103
304104
304105
304108
304109
304110
304111
304112
304113
304114
304115
304116
304117
304118
304119
304120
304121
304133
304134
304135
304136
304140
304141
304142
304143
304144
304145
304146
304147
304149
304150
304151
304155
304156
304157
304158
304159
304160
304161
304162
304163
304164
304165
304166
304167
304168
304169
304170
304171
304172
304173
304174
304176
304178
304179
304181
304190
304191
304194
304195
304196
304197
304198
304199
304200
304744
304748
304749
304752
304754
304761
304762
304763
304764
304765
304766
304767
304768
304769
304770
304771
304772
304773
304785
304789
304790
304791
304792
304793
304794
304795
304796
304801
304802
304803
304804
304805
304806
304817
304822
304823
304826
304828
304829
304844
304845
304846
304847
304848
304849
304850
304852
304853
304856
304857
304859
304860
304861
304862
304863
304864
304865
304866
304867
304868
304869
304870
304871
304872
304873
304874
304875
304876
304877
304878
304882
304883
304884
304885
304887
304888
304889
304890
304891
304892
304896
304897
304898
304899
304900
304901
304902
304903
304904
304905
304906
304907
304908
304909
304910
304911
304912
304913
304914
304916
304917
304918
304919
304924
304925
304926
304927
304928
304929
304930
304937
304938
304939
304940
304941
304942
304943
304944
304945
304946
304947
304948
304949
304950
304951
304952
304953
304954
304955
304956
304957
304958
304968
304969
304970
304971
304972
304973
304974
304975
304976
304977
304978
304980
304981
304982
304983
304984
305026
305027
305028
305029
305030
305031
305032
305033
305035
305036
305037
305038
305039
305040
305041
305042
305043
305044
305045
305046
305047
305048
305049
305050
305052
305053
305054
305055
305056
305057
305058
305059
305060
305061
305062
305063
305064
305065
305066
305067
305068
305069
305070
305071
305072
305073
305074
305075
305076
305077
305078
305079
305080
305081
305082
305083
305084
305085
305086
305087
305088
305089
305090
305096
305099
305131
305132
305134
305137
305138
305139
305140
305141
305142
305143
305144
305148
305149
305150
305197
305198
305199
305200
305201
305202
305203
305204
305205
305206
305215
305216
305217
305218
305219
305220
305226
305227
305228
305229
305230
305231
305232
305233
305234
305235
305236
305237
305238
305239
305240
305241
305242
305292
305293
305294
305295
305296
305297
305298
305299
305300
305301
305302
305303
305304
305305
305306
305307
305366
305367
305368
305369
305370
305371
305372
305373
305374
305375
305376
305380
305381
305382
305383
305384
305385
305386
305387
305388
305389
305390
305391
305392
305393
305394
305395
305396
305397
305398
305401
305402
305403
305404
305405
305406
305407
305408
305409
305410
305411
305412
305413
305414
305415
305419
305420
305421
305422
305423
305424
305425
305426
305427
305428
305429
305430
305431
305432
305433
305434
305435
305436
305437
305438
305439
305441
305442
305447
305448
305449
305450
305451
305452
305453
305454
305455
305456
305457
305458
305459
305460
305461
305462
305463
305464
305465
305466
305467
305468
305469
305470
305471
305472
305473
305474
305478
305479
305480
305481
305495
305496
305500
305501
305503
305505
305506
305507
305509
305516
305519
305520
305521
305527
305528
305529
305530
305531
305532
305533
305536
305537
305538
305539
305540
305541
305542
305543
305544
305545
305546
305547
305548
305549
305550
305551
305552
305553
305554
305555
305556
305557
305560
305561
305562
305563
305564
305565
305566
305571
305572
305573
305574
305575
305576
305580
305581
305582
305584
305586
305588
305589
305590
305592
305593
305594
305596
305597
305598
305599
305600
305601
305602
305603
305604
305606
305608
305610
305612
305614
305615
305617
305621
305622
305623
305625
305626
305627
305629
305633
305634
305637
305638
305641
305642
305645
305649
305650
305651
305652
305653
305654
305655
305659
305662
305663
305664
305665
305666
305667
305668
305669
305670
305671
305672
305673
305674
305675
305676
305677
305678
305679
305680
305681
305682
305683
305684
305685
305686
305687
305688
305689
305690
305691
305692
305693
305694
305695
305696
305697
305698
305699
305700
305701
305702
305703
305704
305705
305706
305707
305708
305709
305710
305711
305912
305913
305914
305915
305916
305917
305918
305919
305920
305947
305952
305953
305956
305957
305958
305959
305960
305961
305962
305963
305964
305965
305966
305967
305968
305969
305970
305971
305972
305973
305976
305978
305979
305980
305981
305982
305983
305984
305985
305986
305987
305988
305989
305990
305991
305992
305993
305994
305995
305996
305997
305998
305999
306000
306001
306002
306303
306304
306305
306306
306309
306310
306311
306312
306313
306314
306315
306316
306317
306318
306319
306320
306321
306322
306332
306333
306334
306336
306340
306341
306342
306343
306344
306345
306347
306348
306349
306350
306351
306352
306353
306354
306355
306356
306357
306358
306359
306360
306361
306362
306363
306365
306366
306367
306368
306369
306370
306371
306372
306373
306374
306375
306376
306377
306378
306379
306380
306381
306382
306383
306384
306385
306386
306387
306388
306389
306390
306391
306392
306393
306394
306395
306396
306397
306398
306399
306400
306409
306410
306411
306412
306424
306425
306426
306427
306428
306429
306430
306436
306437
306438
306440
306441
306444
306445
306447
306449
306451
306453
306454
306458
306460
306463
306466
306471
306473
306474
306475
306476
306477
306478
306479
306480
306485
306486
306497
306498
306499
306502
306505
306508
306509
306516
306517
306518
306519
306520
306521
306522
306533
306534
306535
306536
306537
306538
306539
306540
306541
306542
306543
306544
306545
306546
306547
306548
306551
306552
306553
306554
306555
306559
306560
306561
306564
306565
306569
306570
306571
306572
306573
306574
306575
306576
306577
306578
306579
306580
306581
306582
306583
306584
306585
306586
306587
306588
306589
306590
306591
306592
306593
306594
306595
306596
306597
306598
306599
306600
306601
306602
306603
306604
306605
306613
306614
306615
306616
306617
306618
306619
306620
306621
306622
306670
306671
306672
306673
306674
306675
306676
306677
306678
306679
306680
306681
306682
306683
306708
306709
306710
306711
306712
306721
306722
306723
306724
306725
306726
306727
306728
306729
306730
306731
306732
306733
306734
306750
306751
306752
306753
306754
306755
306756
306757
306758
306759
306760
306761
306762
306763
306764
306765
306766
306767
306768
306769
306771
306772
306773
306774
306775
306776
306777
306778
306779
306780
306781
306782
306783
306784
306785
306786
306787
306788
306790
306792
306793
306794
306795
306796
306797
306798
306799
306800
306801
306802
306803
306804
306805
306806
306807
306808
306809
306810
306811
306812
306813
306814
306815
306816
306817
306818
306819
306820
306821
306822
306823
306824
306825
306826
306827
306828
306829
306830
306831
306832
306833
306834
306835
306836
306837
306838
306839
306840
306841
306842
306843
306844
306847
306850
306851
306852
306853
306856
306857
306858
306859
306860
306861
306862
306863
306864
306865
306866
306867
306868
306869
306870
306871
306872
306873
306874
306875
306883
306884
306885
306886
306887
306888
306889
306890
306891
306892
306893
306894
306895
306896
306897
306898
306899
306900
306901
306917
306918
306919
306920
306921
306922
306923
306924
306925
306926
306927
306928
306929
306931
306932
306933
306934
306935
306936
306937
306938
306939
306940
306941
306942
306943
306944
306945
306946
306947
306948
306949
306950
306951
306952
306953
306954
306955
306956
306957
306958
306959
306960
306961
306962
306963
306964
306967
306968
306969
306970
306971
306972
306973
306974
306975
306976
306977
306978
306979
306980
306981
306983
306984
306985
306986
306987
306988
306989
306990
306991
306992
306993
306994
306995
306996
306997
306998
306999
307000
307001
307002
307003
307004
307005
307006
307007
307008
307009
307010
307011
307012
307043
307044
307048
307049
307052
307053
307054
307055
307056
307057
307058
307059
307060
307061
307062
307063
307064
307065
307067
307068
307069
307097
307108
307112
307113
307114
307115
307116
307117
307121
307122
307123
307124
307125
307126
307127
307128
307129
307130
307131
307132
307133
307136
307139
307140
307141
307142
307143
307144
307145
307146
307147
307148
307149
307150
307151
307152
307153
307154
307155
307156
307157
307158
307159
307160
307161
307162
307163
307164
307165
307166
307167
307168
307171
307172
307173
307174
307175
307176
307177
307178
307179
307180
307182
307183
307184
307185
307186
307187
307188
307189
307190
307191
307193
307194
307195
307196
307197
307198
307199
307200
307201
307202
307203
307204
307205
307206
307207
307208
307209
307210
307211
307212
307213
307214
307215
307216
307217
307218
307219
307220
307221
307222
307223
307224
307225
307226
307227
307228
307229
307230
307231
307232
307233
307234
307235
307236
307237
307238
307239
307240
307241
307242
307243
307244
307245
307246
307247
307248
307249
307250
307251
307252
307256
307257
307258
307259
307260
307261
307262
307263
307264
307265
307266
307267
307268
307276
307277
307278
307279
307280
307281
307282
307283
307284
307285
307286
307287
307288
307289
307290
307291
307292
307293
307294
307295
307296
307297
307298
307299
307300
307301
307302
307303
307304
307305
307306
307308
307309
307310
307311
307312
307313
307314
307315
307316
307317
307318
307319
307320
307321
307322
307323
307324
307325
307326
307327
307328
307329
307330
307331
307332
307333
307334
307335
307336
307337
307338
307339
307340
307341
307342
307345
307346
307347
307348
307349
307350
307351
307352
307353
307354
307355
307356
307357
307358
307359
307360
307361
307362
307363
307364
307366
307367
307368
307369
307370
307371
307372
307373
307374
307375
307376
307377
307378
307379
307380
307381
307384
307385
307386
307387
307388
307389
307390
307391
307398
307399
307400
307401
307402
307403
307404
307405
307406
307407
307408
307409
307410
307411
307412
307413
307414
307415
307419
307420
307421
307422
307423
307425
307426
307427
307428
307429
307430
307431
307432
307433
307434
307435
307436
307437
307438
307439
307440
307441
307442
307443
307444
307445
307446
307447
307448
307449
307450
307451
307453
307454
307455
307456
307457
307458
307459
307460
307461
307462
307463
307464
307465
307466
307467
307468
307469
307470
307471
307473
307474
307475
307476
307477
307478
307479
307480
307481
307482
307483
307485
307493
307494
307495
307496
307497
307498
307499
307500
307501
307502
307503
307504
307505
307507
307508
307509
307510
307511
307512
307513
307514
307515
307516
307517
307518
307519
307521
307522
307530
307532
307533
307534
307547
307548
307549
307550
307551
307552
307553
307554
307555
307556
307557
307558
307559
307560
307561
307562
307563
307564
307565
307566
307567
307568
307569
307570
307571
307572
307573
307574
307575
307576
307577
307578
307579
307580
307581
307582
307583
307584
307585
307586
307587
307588
307589
307590
307591
307604
307605
307606
307607
307608
307609
307610
307611
307612
307613
307614
307615
307616
307617
307618
307619
307620
307621
307622
307623
307624
307625
307626
307627
307628
307629
307630
307631
307632
307633
307634
307635
307636
307637
307638
307639
307640
307641
307642
307645
307646
307647
307648
307649
307650
307651
307748
307749
307750
307751
307752
307753
307754
307755
307756
307757
307758
307759
307760
307761
307762
307763
307764
307765
307766
307767
307768
307769
307770
307771
307772
307773
307774
307776
307777
307778
307779
307780
307781
307782
307783
307784
307785
307786
307787
307788
307789
307790
307791
307800
307801
307802
307803
307836
307837
307838
307839
307840
307841
307842
307844
307845
307847
307848
307849
307851
307854
307855
307871
307872
307873
307874
307875
307876
307877
307886
307887
307888
307889
307890
307896
307897
307898
307899
307900
307901
307902
307903
307904
307905
307906
307907
307908
307910
307911
307912
307913
307914
307915
307916
307917
307918
307919
307920
307921
307922
307923
307924
307925
307926
307927
307928
307929
307930
307931
307932
307933
307935
307936
307937
307947
307948
307949
307950
307951
307952
307953
307954
307955
307956
307958
307960
307961
307962
307963
307964
307965
307966
307967
307968
307969
307970
307971
307972
307973
307974
307975
307976
307979
307980
307981
307982
307984
307985
307986
307987
307988
307989
307990
307991
307992
307993
307994
307995
307996
307997
307998
308001
308002
308003
308004
308009
308010
308011
308012
308013
308014
308015
308016
308017
308018
308019
308020
308021
308022
308023
308024
308025
308026
308027
308028
308029
308030
308031
308032
308033
308034
308035
308036
308037
308038
308039
308040
308041
308042
308043
308044
308045
308047
308048
308049
308050
308051
308052
308053
308054
308055
308056
308057
308058
308059
308060
308061
308063
308064
308065
308066
308069
308070
308085
308086
308087
308088
308089
308090
308091
308092
308093
308094
308095
308096
308097
308098
308099
308100
308101
308102
308103
308104
308105
308111
308112
308113
308114
308115
308116
308117
308118
308121
308122
308123
308124
308125
308126
308127
308128
308129
308130
308131
308132
308133
308134
308135
308136
308137
308138
308139
308140
308142
308143
308144
308145
308146
308147
308148
308149
308150
308151
308152
308154
308156
308157
308158
308160
308161
308162
308163
308164
308165
308166
308167
308169
308170
308171
308172
308173
308174
308175
308176
308177
308178
308179
308180
308181
308182
308183
308184
308185
308186
308187
308188
308189
308190
308191
308235
308236
308237
308238
308239
308240
308241
308242
308243
308244
308245
308246
308247
308248
308249
308250
308251
308254
308256
308257
308263
308264
308265
308266
308267
308268
308269
308270
308271
308272
308273
308274
308275
308276
308277
308282
308283
308284
308285
308287
308288
308289
308290
308295
308296
308297
308298
308299
308300
308304
308305
308306
308307
308308
308309
308310
308311
308312
308313
308314
308315
308316
308317
308318
308335
308336
308337
308338
308342
308343
308344
308345
308346
308347
308348
308349
308350
308351
308352
308353
308354
308355
308362
308363
308364
308367
308368
308370
308375
308376
308377
308379
308380
308381
308382
308383
308384
308385
308386
308387
308388
308389
308390
308391
308392
308393
308395
308396
308397
308400
308401
308402
308403
308404
308405
308406
308407
308408
308409
308440
308441
308442
308443
308444
308452
308453
308466
308467
308468
308469
308470
308471
308472
308473
308474
308475
308476
308477
308478
308479
308481
308482
308483
308495
308496
308497
308498
308499
308507
308508
308509
308510
308511
308512
308513
308514
308515
308516
308518
308519
308520
308521
308522
308523
308536
308537
308538
308539
308540
308541
308542
308543
308544
308545
308546
308550
308551
308552
308553
308556
308557
308558
308559
308560
308561
308562
308563
308564
308565
308566
308567
308568
308569
308570
308571
308572
308573
308574
308576
308578
308579
308580
308581
308582
308630
308631
308632
308633
308634
308635
308636
308637
308638
308639
308640
308641
308642
308643
308644
308690
308691
308692
308693
308694
308696
308700
308701
308702
308703
308714
308715
308717
308718
308719
308720
308721
308722
308723
308724
308725
308726
308727
308740
308741
308765
308766
308767
308768
308769
308770
308771
308772
308773
308775
308776
308777
308778
308779
308780
308781
308782
308783
308789
308790
308791
308792
308793
308794
308795
308796
308797
308798
308799
308800
308801
308802
308803
308804
308805
308806
308807
308808
308813
308814
308815
308816
308819
308823
308824
308825
308826
308828
308830
308831
308832
308833
308834
308835
308836
308837
308838
308839
308840
308841
308842
308843
308844
308847
308848
308849
308850
308851
308852
308853
308854
308855
308856
308857
308858
308902
308903
308904
308905
308906
308907
308908
308909
308910
308911
308912
308913
308914
308915
308923
308924
308925
308926
308927
308928
308929
308930
308931
308932
308933
308934
308935
308936
308937
308938
308939
308940
308941
308942
308943
308944
308945
308946
308947
308948
308949
308950
308951
308954
308955
308956
308957
308958
308959
308960
308961
308962
308963
308964
308965
308966
308967
308968
308969
308970
308971
308972
308973
308974
308975
308976
308977
308978
308979
308980
308981
308982
308983
308987
308988
308989
308990
308991
308992
308993
308994
308995
308996
308997
308998
308999
309000
309002
309003
309006
309007
309008
309009
309010
309011
309012
309013
309014
309015
309016
309017
309018
309019
309020
309021
309024
309025
309026
309027
309028
309029
309030
309031
309032
309033
309034
309035
309036
309037
309039
309040
309041
309042
309044
309051
309052
309053
309057
309059
309060
309061
309062
309063
309064
309066
309067
309068
309069
309070
309071
309072
309074
309076
309087
309089
309091
309092
309093
309094
309095
309096
309097
309098
309100
309102
309103
309107
309109
309112
309123
309124
309133
309139
309140
309141
309149
309150
309159
309176
309204
309223
309224
309225
309226
309227
309231
309233
309251
309252
309254
309264
309268
309269
309270
309271
309275
309276
309277
