308834
308835
308836
308837
308838
308839
308840
308841
308842
308843
308844
308847
308848
308849
308850
308851
308852
308853
308854
308855
308856
308857
308858
308902
308903
308904
308905
308906
308907
308908
308909
308910
308911
308912
308913
308914
308915
308923
308924
308925
308926
308927
308928
308929
308930
308931
308932
308933
308934
308935
308936
308937
308938
308939
308940
308941
308942
308943
308944
308945
308946
308947
308948
308949
308950
308951
308954
308955
308956
308957
308958
308959
308960
308961
308962
308963
308964
308965
308966
308967
308968
308969
308970
308971
308972
308973
308974
308975
308976
308977
308978
308979
308980
308981
308982
308983
308987
308988
308989
308990
308991
308992
308993
308994
308995
308996
308997
308998
308999
309000
309002
309003
309006
309007
309008
309009
309010
309011
309012
309013
309014
309015
309016
309017
309018
309019
309020
309021
309024
309025
309026
309027
309028
309029
309030
309031
309032
309033
309034
309035
309036
309037
309039
309040
309041
309042
309044
309051
309052
309053
309057
309059
309060
309061
309062
309063
309064
309066
309067
309068
309069
309070
309071
309072
309074
309076
309087
309089
309091
309092
309093
309094
309095
309096
309097
309098
309100
309102
309103
309107
309109
309112
309123
309124
309133
309139
309140
309141
309149
309150
309159
309176
309204
309223
309224
309225
309226
309227
309231
309233
309251
309252
309254
309264
309268
309269
309270
309271