300010
300022
300033
300045
300056
300070
300081
300092
300104
300117
300128
300148
300159
300415
300427
300441
300454
300468
300483
300504
300742
300779
300822
300833
300849
300861
300872
300884
300899
300910
300926
300948
300995
301006
301017
301028
301041
301052
301066
301077
301090
301101
301115
301126
301138
301192
301213
301226
301237
301251
301262
301274
301299
301310
301321
301335
301350
301361
301381
301393
301408
301419
301430
301442
301483
301495
301506
301519
301560
301585
301599
301611
301622
301634
301645
301656
301668
301682
301706
301717
301728
301739
301763
301774
301793
301804
301816
301892
301903
301917
301939
301958
301970
301981
301993
302010
302021
302032
302044
303039