307937
307947
307948
307949
307950
307951
307952
307953
307954
307955
307956
307958
307960
307961
307962
307963
307964
307965
307966
307967
307968
307969
307970
307971
307972
307973
307974
307975
307976
307979
307980
307981
307982
307984
307985
307986
307987
307988
307989
307990
307991
307992
307993
307994
307995
307996
307997
307998
308001
308002
308003
308004
308009
308010
308011
308012
308013
308014
308015
308016
308017
308018
308019
308020
308021
308022
308023
308024
308025
308026
308027
308028
308029
308030
308031
308032
308033
308034
308035
308036
308037
308038
308039
308040
308041
308042
308043
308044
308045
308047
308048
308049
308050
308051
308052
308053
308054
308055
308056
308057
308058
308059
308060
308061
308063
308064
308065
308066
308069
308070
308085
308086
308087
308088
308089
308090
308091
308092
308093
308094
308095
308096
308097
308098
308099
308100
308101
308102
308103
308104
308105
308111
308112
308113
308114
308115
308116
308117
308118
308121
308122
308123
308124
308125
308126
308127
308128
308129
308130
308131
308132
308133
308134
308135
308136
308137
308138
308139
308140
308142
308143
308144
308145
308146
308147
308148
308149
308150
308151
308152
308154
308156
308157
308158
308160
308161
308162
308163
308164
308165
308166
308167
308169
308170
308171
308172
308173
308174
308175
308176
308177
308178
308179
308180
308181
308182
308183
308184
308185
308186
308187
308188
308189
308190
308191
308235
308236
308237
308238
308239
308240
308241
308242
308243
308244
308245
308246
308247
308248
308249
308250
308251
308254
308256
308257
308263
308264
308265
308266
308267
308268
308269
308270
308271
308272
308273
308274
308275
308276
308277
308282
308283
308284
308285
308287
308288
308289
308290
308295
308296
308297
308298
308299
308300
308304
308305
308306
308307
308308
308309
308310
308311
308312
308313
308314
308315
308316
308317
308318
308335
308336
308337
308338
308342
308343
308344
308345
308346
308347
308348
308349
308350
308351
308352
308353
308354
308355
308362
308363
308364
308367
308368
308370
308375
308376
308377
308379
308380
308381
308382
308383
308384
308385
308386
308387
308388
308389
308390
308391
308392
308393
308395
308396
308397
308400
308401
308402
308403
308404
308405
308406
308407
308408
308409
308440
308441
308442
308443
308444
308452
308453
308466
308467
308468
308469
308470
308471
308472
308473
308474
308475
308476
308477
308478
308479
308481
308482
308483
308495
308496
308497
308498
308499
308507
308508
308509
308510
308511
308512
308513
308514
308515
308516
308518
308519
308520
308521
308522
308523
308536
308537
308538
308539
308540
308541
308542
308543
308544
308545
308546
308550
308551
308552
308553
308556
308557
308558
308559
308560
308561
308562
308563
308564
308565
308566
308567
308568
308569
308570
308571
308572
308573
308574
308576
308578
308579
308580
308581
308582
308630
308631
308632
308633
308634
308635
308636
308637
308638
308639
308640
308641
308642
308643
308644
308690
308691
308692
308693
308694
308696
308700
308701
308702
308703
308714
308715
308717
308718
308719
308720
308721
308722
308723
308724
308725
308726
308727
308740
308741
308765
308766
308767
308768
308769
308770
308771
308772
308773
308775
308776
308777
308778
308779
308780
308781
308782
308783
308789
308790
308791
308792
308793
308794
308795
308796
308797
308798
308799
308800
308801
308802
308803
308804
308805
308806
308807
308808
308813
308814
308815
308816
308819
308823
308824
308825
308826
308828
308830
308831
308832
308833
308834
308835
308836
308837
308838
308839
308840
308841
308842
308843
308844
308847
308848
308849
308850
308851
308852
308853
308854
308855
308856
308857
308858
308902
308903
308904
308905
308906
308907
308908
308909
308910
308911
308912
308913
308914
308915
308923
308924
308925
308926
308927
308928
308929
308930
308931
308932
308933
308934
308935
308936
308937
308938
308939
308940
308941
308942
308943
308944
308945
308946
308947
308948
308949
308950
308951
308954
308955
308956
308957
308958
308959
308960
308961
308962
308963
308964
308965
308966
308967
308968
308969
308970
308971
308972
308973
308974
308975
308976
308977
308978
308979
308980
308981
308982
308983
308987
308988
308989
308990
308991
308992
308993
308994
308995
308996
308997
308998
308999
309000
309002
309003
309006
309007
309008
309009
309010
309011
309012
309013
309014
309015
309016
309017
309018
309019
309020
309021
309024
309025
309026
309027
309028
309029
309030
309031
309032
309033
309034
309035
309036
309037
309039
309040
309041
309042
309044
309051
309052
309053
309057
309059
309060
309061
309062
309063
309064
309066
309067
309068
309069
309070
309071
309072
309074
309076
309087
309089
309091
309092
309093
309094
309095
309096
309097
309098
309100
309102
309103
309107
309109
309112
309123
309124
309133
309139
309140
309141
309149
309150
309159
309176
309204
309223
309224
309225
309226
309227
309231
309233
309251
309252
309254
309264
309268
309269
309270
309271
309275
309276
309277