301375
301377
301378
301379
301380
301381
301382
301383
301384
301385
301386
301387
301388
301389
301390
301391
301392
301393
301394
301395
301396
301397
301398
301399
301400
301403
301404
301405
301406
301407
301408
301409
301410
301411
301412
301413
301414
301415
301416
301417
301418
301419
301420
301421
301422
301423
301424
301425
301426
301427
301428
301429
301430
301431
301432
301433
301434
301435
301436
301437
301438
301439
301440
301441
301442
301443
301444
301475
301476
301477
301478
301479
301480
301481
301482
301483
301484
301485
301486
301487
301488
301489
301490
301491
301492
301493
301494
301495
301496
301497
301498
301499
301500
301501
301502
301503
301504
301505
301506
301507